Input: [-0.2723098397254944, -0.37731054425239563, -0.0026445023249834776, 0.1092180535197258, 0.4908141791820526]
Output: [-0.010477972216904163, -0.016090301796793938, 0.021589722484350204, -0.016090689226984978, 0.02232494205236435]
---
Input: [-0.2721847891807556, -0.38325440883636475, -0.0062500000931322575, 0.09972583502531052, 0.5]
Output: [-0.0045347511768341064, -0.01602170802652836, 0.021394342184066772, -0.016022009775042534, 0.022308383136987686]
---
Input: [-0.18794384598731995, -0.49999991059303284, 0.01591549441218376, 0.1332567036151886, 0.1750631332397461]
Output: [0.01618187129497528, -0.02044754847884178, 0.02163870632648468, -0.020548071712255478, 0.02302396669983864]
---
Input: [-0.22160406410694122, -0.49999991059303284, -0.01290618721395731, 0.323175311088562, 0.3009113073348999]
Output: [0.04800047725439072, -0.02066783979535103, 0.024504275992512703, -0.020669130608439445, 0.029511932283639908]
---
Input: [-0.27246522903442383, -0.38908568024635315, -0.013775269500911236, 0.08366616070270538, 0.5]
Output: [0.005290783941745758, -0.015597369521856308, 0.022224711254239082, -0.015604761429131031, 0.023630816489458084]
---
Input: [0.33906787633895874, -0.49999991059303284, -0.007764256559312344, -0.04545454680919647, 0.01988557167351246]
Output: [0.017291024327278137, -0.020295752212405205, 0.022473018616437912, -0.020341219380497932, 0.023236021399497986]
---
Input: [-0.19106319546699524, -0.49999991059303284, -0.006677614990621805, 0.2996275722980499, 0.2669999897480011]
Output: [0.023829281330108643, -0.020430557429790497, 0.02237437106668949, -0.020430561155080795, 0.0245499387383461]
---
Input: [-0.22160406410694122, -0.49999991059303284, -0.01290618721395731, 0.323175311088562, 0.3009113073348999]
Output: [0.04800047725439072, -0.02066783979535103, 0.024504275992512703, -0.020669130608439445, 0.029511932283639908]
---
Input: [-0.2722102403640747, -0.38801032304763794, -0.011612304486334324, 0.07797473669052124, 0.4988963305950165]
Output: [0.0017084050923585892, -0.015875743702054024, 0.021260593086481094, -0.015876470133662224, 0.022377267479896545]
---
Input: [0.4372262954711914, -0.49999991059303284, -0.007370513863861561, -0.026835385710000992, 0.030730947852134705]
Output: [0.03012080118060112, -0.02068525366485119, 0.02285963110625744, -0.021156933158636093, 0.02496248111128807]
---
Input: [0.26327723264694214, -0.49999991059303284, -0.011163793504238129, 0.18794019520282745, 0.23000000417232513]
Output: [0.03643985837697983, -0.02088572457432747, 0.02131904661655426, -0.020885711535811424, 0.027034182101488113]
---
Input: [-0.2721985876560211, -0.3897469937801361, -0.011413407512009144, 0.09099499136209488, 0.48203781247138977]
Output: [0.0037322398275136948, -0.01593657210469246, 0.02116638794541359, -0.015937190502882004, 0.02231196127831936]
---
Input: [-0.27219685912132263, -0.3885606825351715, -0.012521338649094105, 0.10124600678682327, 0.4924955368041992]
Output: [0.003500053659081459, -0.015485240146517754, 0.02263030782341957, -0.015485860407352448, 0.024285171180963516]
---
Input: [-0.22160406410694122, -0.49999991059303284, -0.01290618721395731, 0.323175311088562, 0.3009113073348999]
Output: [0.04800047725439072, -0.02066783979535103, 0.024504275992512703, -0.020669130608439445, 0.029511932283639908]
---
Input: [-0.2722102403640747, -0.38801032304763794, -0.011612304486334324, 0.07797473669052124, 0.4988963305950165]
Output: [0.0017084050923585892, -0.015875743702054024, 0.021260593086481094, -0.015876470133662224, 0.022377267479896545]
---
