Input: [-0.2723098397254944, -0.37731054425239563, -0.0026445023249834776, 0.1092180535197258, 0.4908141791820526]
Output: [-0.010477972216904163, -0.016090301796793938, 0.021589722484350204, -0.016090689226984978, 0.02232494205236435]
---
Input: [-0.2721847891807556, -0.38325440883636475, -0.0062500000931322575, 0.09972583502531052, 0.5]
Output: [-0.0045347511768341064, -0.01602170802652836, 0.021394342184066772, -0.016022009775042534, 0.022308383136987686]
---
Input: [-0.27286139130592346, -0.387404203414917, -0.013282251544296741, 0.064389169216156, 0.4841550290584564]
Output: [0.006486259400844574, -0.015955710783600807, 0.02127041481435299, -0.015955841168761253, 0.022444114089012146]
---
Input: [-0.18064966797828674, -0.49999991059303284, 0.01591549441218376, -0.04444996640086174, 0.01988557167351246]
Output: [0.02220301702618599, -0.020440595224499702, 0.022305447608232498, -0.02051183581352234, 0.02413994073867798]
---
Input: [-0.22160406410694122, -0.49999991059303284, -0.01290618721395731, 0.323175311088562, 0.3009113073348999]
Output: [0.04800047725439072, -0.02066783979535103, 0.024504275992512703, -0.020669130608439445, 0.029511932283639908]
---
Input: [-0.2722102403640747, -0.38801032304763794, -0.011612304486334324, 0.07797473669052124, 0.4988963305950165]
Output: [0.0017084050923585892, -0.015875743702054024, 0.021260593086481094, -0.015876470133662224, 0.022377267479896545]
---
Input: [0.33906787633895874, -0.49999991059303284, -0.007764256559312344, -0.04545454680919647, 0.01988557167351246]
Output: [0.017291024327278137, -0.020295752212405205, 0.022473018616437912, -0.020341219380497932, 0.023236021399497986]
---
Input: [-0.19106319546699524, -0.49999991059303284, -0.006677614990621805, 0.2996275722980499, 0.2669999897480011]
Output: [0.023829281330108643, -0.020430557429790497, 0.02237437106668949, -0.020430561155080795, 0.0245499387383461]
---
Input: [-0.22160406410694122, -0.49999991059303284, -0.01290618721395731, 0.323175311088562, 0.3009113073348999]
Output: [0.04800047725439072, -0.02066783979535103, 0.024504275992512703, -0.020669130608439445, 0.029511932283639908]
---
Input: [-0.2722102403640747, -0.38801032304763794, -0.011612304486334324, 0.07797473669052124, 0.4988963305950165]
Output: [0.0017084050923585892, -0.015875743702054024, 0.021260593086481094, -0.015876470133662224, 0.022377267479896545]
---
Input: [-0.16634012758731842, -0.49999991059303284, 0.01591549441218376, -0.0032999999821186066, 0.07833073288202286]
Output: [0.05584005266427994, -0.02096441201865673, 0.023140154778957367, -0.020964425057172775, 0.030516574159264565]
---
Input: [0.26327723264694214, -0.49999991059303284, -0.011163793504238129, 0.18794019520282745, 0.23000000417232513]
Output: [0.03643985837697983, -0.02088572457432747, 0.02131904661655426, -0.020885711535811424, 0.027034182101488113]
---
Input: [-0.22160406410694122, -0.49999991059303284, -0.01290618721395731, 0.323175311088562, 0.3009113073348999]
Output: [0.04800047725439072, -0.02066783979535103, 0.024504275992512703, -0.020669130608439445, 0.029511932283639908]
---
Input: [-0.27282336354255676, -0.3901224732398987, -0.011251170188188553, 0.07207778096199036, 0.4899972677230835]
Output: [0.0010618586093187332, -0.01595154218375683, 0.021000318229198456, -0.01595182716846466, 0.022130142897367477]
---
Input: [-0.27264678478240967, -0.38497307896614075, -0.011292926035821438, 0.06532225757837296, 0.4839700162410736]
Output: [0.0030981022864580154, -0.01602868363261223, 0.021322110667824745, -0.016029035672545433, 0.022385964170098305]
---
Input: [-0.2721985876560211, -0.3897469937801361, -0.011413407512009144, 0.09099499136209488, 0.48203781247138977]
Output: [0.0037322398275136948, -0.01593657210469246, 0.02116638794541359, -0.015937190502882004, 0.02231196127831936]
---
Input: [-0.27268505096435547, -0.3880648612976074, -0.013533463701605797, 0.07370702922344208, 0.49142560362815857]
Output: [0.004888998344540596, -0.015722552314400673, 0.021742699667811394, -0.01572341099381447, 0.022784508764743805]
---
Input: [-0.2721985876560211, -0.3897469937801361, -0.011413407512009144, 0.09099499136209488, 0.48203781247138977]
Output: [0.0037322398275136948, -0.01593657210469246, 0.02116638794541359, -0.015937190502882004, 0.02231196127831936]
---
Input: [-0.2721985876560211, -0.3897469937801361, -0.011413407512009144, 0.09099499136209488, 0.48203781247138977]
Output: [0.0037322398275136948, -0.01593657210469246, 0.02116638794541359, -0.015937190502882004, 0.02231196127831936]
---
Input: [-0.22160406410694122, -0.49999991059303284, -0.01290618721395731, 0.323175311088562, 0.3009113073348999]
Output: [0.04800047725439072, -0.02066783979535103, 0.024504275992512703, -0.020669130608439445, 0.029511932283639908]
---
