Input: [-0.27177053689956665, -0.3778606057167053, -0.0037430054508149624, 0.1231762021780014, 0.5]
Output: [-0.006655072793364525, -0.016068536788225174, 0.021571312099695206, -0.016068613156676292, 0.022389408200979233]
---
Input: [-0.18906880915164948, -0.499041885137558, -0.01591549441218376, 0.37813106179237366, 0.35249534249305725]
Output: [0.023124225437641144, -0.020378349348902702, 0.0225815549492836, -0.02037830278277397, 0.02439652569591999]
---
Input: [0.24972623586654663, -0.49999991059303284, -0.011453147046267986, 0.1903032511472702, 0.23353204131126404]
Output: [0.03365650027990341, -0.02082967385649681, 0.021306002512574196, -0.02082972228527069, 0.026510007679462433]
---
Input: [-0.18706117570400238, -0.49991297721862793, 0.01591549441218376, 0.15419046580791473, 0.19820654392242432]
Output: [0.016649484634399414, -0.02042907476425171, 0.021547315642237663, -0.020429102703928947, 0.02327616885304451]
---
Input: [-0.2721985876560211, -0.3897469937801361, -0.011413407512009144, 0.09099499136209488, 0.48203781247138977]
Output: [0.0037322398275136948, -0.01593657210469246, 0.02116638794541359, -0.015937190502882004, 0.02231196127831936]
---
Input: [-0.27282336354255676, -0.3901224732398987, -0.011251170188188553, 0.07207778096199036, 0.4899972677230835]
Output: [0.0010618586093187332, -0.01595154218375683, 0.021000318229198456, -0.01595182716846466, 0.022130142897367477]
---
Input: [-0.1952918916940689, -0.49999991059303284, 0.01591549441218376, -0.014999999664723873, 0.04071563482284546]
Output: [0.03881915658712387, -0.020716441795229912, 0.022749828174710274, -0.020803825929760933, 0.027207599952816963]
---
Input: [-0.19106319546699524, -0.49999991059303284, -0.006677614990621805, 0.2996275722980499, 0.2669999897480011]
Output: [0.023829281330108643, -0.020430557429790497, 0.02237437106668949, -0.020430561155080795, 0.0245499387383461]
---
Input: [-0.22160406410694122, -0.49999991059303284, -0.01290618721395731, 0.323175311088562, 0.3009113073348999]
Output: [0.04800047725439072, -0.02066783979535103, 0.024504275992512703, -0.020669130608439445, 0.029511932283639908]
---
Input: [-0.27282336354255676, -0.3901224732398987, -0.011251170188188553, 0.07207778096199036, 0.4899972677230835]
Output: [0.0010618586093187332, -0.01595154218375683, 0.021000318229198456, -0.01595182716846466, 0.022130142897367477]
---
Input: [0.4372262954711914, -0.49999991059303284, -0.007370513863861561, -0.026835385710000992, 0.030730947852134705]
Output: [0.03012080118060112, -0.02068525366485119, 0.02285963110625744, -0.021156933158636093, 0.02496248111128807]
---
Input: [0.26327723264694214, -0.49999991059303284, -0.011163793504238129, 0.18794019520282745, 0.23000000417232513]
Output: [0.03643985837697983, -0.02088572457432747, 0.02131904661655426, -0.020885711535811424, 0.027034182101488113]
---
Input: [-0.2721985876560211, -0.3897469937801361, -0.011413407512009144, 0.09099499136209488, 0.48203781247138977]
Output: [0.0037322398275136948, -0.01593657210469246, 0.02116638794541359, -0.015937190502882004, 0.02231196127831936]
---
Input: [-0.27219685912132263, -0.3885606825351715, -0.012521338649094105, 0.10124600678682327, 0.4924955368041992]
Output: [0.003500053659081459, -0.015485240146517754, 0.02263030782341957, -0.015485860407352448, 0.024285171180963516]
---
Input: [-0.22160406410694122, -0.49999991059303284, -0.01290618721395731, 0.323175311088562, 0.3009113073348999]
Output: [0.04800047725439072, -0.02066783979535103, 0.024504275992512703, -0.020669130608439445, 0.029511932283639908]
---
Input: [-0.2721985876560211, -0.3897469937801361, -0.011413407512009144, 0.09099499136209488, 0.48203781247138977]
Output: [0.0037322398275136948, -0.01593657210469246, 0.02116638794541359, -0.015937190502882004, 0.02231196127831936]
---
