Input: [-0.2723098397254944, -0.37731054425239563, -0.0026445023249834776, 0.1092180535197258, 0.4908141791820526]
Output: [-0.010477972216904163, -0.016090301796793938, 0.021589722484350204, -0.016090689226984978, 0.02232494205236435]
---
Input: [-0.19112522900104523, -0.49999991059303284, -0.006677614990621805, 0.29778221249580383, 0.2664642333984375]
Output: [0.025407005101442337, -0.02045474387705326, 0.02242390625178814, -0.02045474760234356, 0.02484285458922386]
---
Input: [-0.18064966797828674, -0.49999991059303284, 0.01591549441218376, -0.04444996640086174, 0.01988557167351246]
Output: [0.02220301702618599, -0.020440595224499702, 0.022305447608232498, -0.02051183581352234, 0.02413994073867798]
---
Input: [-0.22160406410694122, -0.49999991059303284, -0.01290618721395731, 0.323175311088562, 0.3009113073348999]
Output: [0.04800047725439072, -0.02066783979535103, 0.024504275992512703, -0.020669130608439445, 0.029511932283639908]
---
Input: [-0.04056789353489876, -0.47999998927116394, 0.004788295831531286, 0.24336303770542145, 0.25431278347969055]
Output: [0.0033389292657375336, -0.020219121128320694, 0.021162129938602448, -0.02021910808980465, 0.020801786333322525]
---
Input: [-0.1952918916940689, -0.49999991059303284, 0.01591549441218376, -0.014999999664723873, 0.04071563482284546]
Output: [0.03881915658712387, -0.020716441795229912, 0.022749828174710274, -0.020803825929760933, 0.027207599952816963]
---
Input: [-0.19106319546699524, -0.49999991059303284, -0.006677614990621805, 0.2996275722980499, 0.2669999897480011]
Output: [0.023829281330108643, -0.020430557429790497, 0.02237437106668949, -0.020430561155080795, 0.0245499387383461]
---
Input: [-0.22160406410694122, -0.49999991059303284, -0.01290618721395731, 0.323175311088562, 0.3009113073348999]
Output: [0.04800047725439072, -0.02066783979535103, 0.024504275992512703, -0.020669130608439445, 0.029511932283639908]
---
Input: [-0.27282336354255676, -0.3901224732398987, -0.011251170188188553, 0.07207778096199036, 0.4899972677230835]
Output: [0.0010618586093187332, -0.01595154218375683, 0.021000318229198456, -0.01595182716846466, 0.022130142897367477]
---
Input: [-0.1634940356016159, -0.49999991059303284, 0.014683944173157215, -0.0032999999821186066, 0.049990396946668625]
Output: [0.03493155539035797, -0.020606039091944695, 0.02269359678030014, -0.02060605026781559, 0.026614051312208176]
---
Input: [0.26327723264694214, -0.49999991059303284, -0.011163793504238129, 0.18794019520282745, 0.23000000417232513]
Output: [0.03643985837697983, -0.02088572457432747, 0.02131904661655426, -0.020885711535811424, 0.027034182101488113]
---
Input: [-0.22160406410694122, -0.49999991059303284, -0.01290618721395731, 0.323175311088562, 0.3009113073348999]
Output: [0.04800047725439072, -0.02066783979535103, 0.024504275992512703, -0.020669130608439445, 0.029511932283639908]
---
Input: [-0.2722102403640747, -0.38801032304763794, -0.011612304486334324, 0.07797473669052124, 0.4988963305950165]
Output: [0.0017084050923585892, -0.015875743702054024, 0.021260593086481094, -0.015876470133662224, 0.022377267479896545]
---
Input: [-0.22160406410694122, -0.49999991059303284, -0.01290618721395731, 0.323175311088562, 0.3009113073348999]
Output: [0.04800047725439072, -0.02066783979535103, 0.024504275992512703, -0.020669130608439445, 0.029511932283639908]
---
Input: [-0.27219685912132263, -0.3885606825351715, -0.012521338649094105, 0.10124600678682327, 0.4924955368041992]
Output: [0.003500053659081459, -0.015485240146517754, 0.02263030782341957, -0.015485860407352448, 0.024285171180963516]
---
Input: [-0.27268505096435547, -0.3880648612976074, -0.013533463701605797, 0.07370702922344208, 0.49142560362815857]
Output: [0.004888998344540596, -0.015722552314400673, 0.021742699667811394, -0.01572341099381447, 0.022784508764743805]
---
Input: [-0.22160406410694122, -0.49999991059303284, -0.01290618721395731, 0.323175311088562, 0.3009113073348999]
Output: [0.04800047725439072, -0.02066783979535103, 0.024504275992512703, -0.020669130608439445, 0.029511932283639908]
---
Input: [-0.22160406410694122, -0.49999991059303284, -0.01290618721395731, 0.323175311088562, 0.3009113073348999]
Output: [0.04800047725439072, -0.02066783979535103, 0.024504275992512703, -0.020669130608439445, 0.029511932283639908]
---
Input: [-0.27264678478240967, -0.38497307896614075, -0.011292926035821438, 0.06532225757837296, 0.4839700162410736]
Output: [0.0030981022864580154, -0.01602868363261223, 0.021322110667824745, -0.016029035672545433, 0.022385964170098305]
---
