Input: [-0.2723098397254944, -0.37731054425239563, -0.0026445023249834776, 0.1092180535197258, 0.4908141791820526]
Output: [-0.010477972216904163, -0.016090301796793938, 0.021589722484350204, -0.016090689226984978, 0.02232494205236435]
---
Input: [-0.19106587767601013, -0.49999991059303284, -0.006677614990621805, 0.29955586791038513, 0.26697367429733276]
Output: [0.023883692920207977, -0.0204314012080431, 0.022376056760549545, -0.020431416109204292, 0.024560023099184036]
---
Input: [-0.2728613615036011, -0.3874041438102722, -0.01328221708536148, 0.064389169216156, 0.4841550290584564]
Output: [0.006486713886260986, -0.015955790877342224, 0.021270403638482094, -0.015955794602632523, 0.022444110363721848]
---
Input: [-0.18064966797828674, -0.49999991059303284, 0.01591549441218376, -0.04444996640086174, 0.01988557167351246]
Output: [0.02220301702618599, -0.020440595224499702, 0.022305447608232498, -0.02051183581352234, 0.02413994073867798]
---
Input: [-0.2721985876560211, -0.3897469937801361, -0.011413407512009144, 0.09099499136209488, 0.48203781247138977]
Output: [0.0037322398275136948, -0.01593657210469246, 0.02116638794541359, -0.015937190502882004, 0.02231196127831936]
---
Input: [-0.27282336354255676, -0.3901224732398987, -0.011251170188188553, 0.07207778096199036, 0.4899972677230835]
Output: [0.0010618586093187332, -0.01595154218375683, 0.021000318229198456, -0.01595182716846466, 0.022130142897367477]
---
Input: [0.33906787633895874, -0.49999991059303284, -0.007764256559312344, -0.04545454680919647, 0.01988557167351246]
Output: [0.017291024327278137, -0.020295752212405205, 0.022473018616437912, -0.020341219380497932, 0.023236021399497986]
---
Input: [-0.19106319546699524, -0.49999991059303284, -0.006677614990621805, 0.2996275722980499, 0.2669999897480011]
Output: [0.023829281330108643, -0.020430557429790497, 0.02237437106668949, -0.020430561155080795, 0.0245499387383461]
---
Input: [-0.22160406410694122, -0.49999991059303284, -0.01290618721395731, 0.323175311088562, 0.3009113073348999]
Output: [0.04800047725439072, -0.02066783979535103, 0.024504275992512703, -0.020669130608439445, 0.029511932283639908]
---
Input: [-0.2722216844558716, -0.38645634055137634, -0.011831855401396751, 0.08725608140230179, 0.5]
Output: [-0.0008300319314002991, -0.015484169125556946, 0.02210080437362194, -0.015484792180359364, 0.023519352078437805]
---
Input: [-0.16645275056362152, -0.49999991059303284, 0.01591549441218376, -0.0032999999821186066, 0.07845514267683029]
Output: [0.055870696902275085, -0.020965425297617912, 0.023138273507356644, -0.020965326577425003, 0.03052254021167755]
---
Input: [0.26327723264694214, -0.49999991059303284, -0.011163793504238129, 0.18794019520282745, 0.23000000417232513]
Output: [0.03643985837697983, -0.02088572457432747, 0.02131904661655426, -0.020885711535811424, 0.027034182101488113]
---
Input: [-0.22160406410694122, -0.49999991059303284, -0.01290618721395731, 0.323175311088562, 0.3009113073348999]
Output: [0.04800047725439072, -0.02066783979535103, 0.024504275992512703, -0.020669130608439445, 0.029511932283639908]
---
Input: [-0.04056789353489876, -0.47999998927116394, 0.004788295831531286, 0.24336303770542145, 0.25431278347969055]
Output: [0.0033389292657375336, -0.020219121128320694, 0.021162129938602448, -0.02021910808980465, 0.020801786333322525]
---
Input: [-0.22160406410694122, -0.49999991059303284, -0.01290618721395731, 0.323175311088562, 0.3009113073348999]
Output: [0.04800047725439072, -0.02066783979535103, 0.024504275992512703, -0.020669130608439445, 0.029511932283639908]
---
Input: [-0.2721985876560211, -0.3897469937801361, -0.011413407512009144, 0.09099499136209488, 0.48203781247138977]
Output: [0.0037322398275136948, -0.01593657210469246, 0.02116638794541359, -0.015937190502882004, 0.02231196127831936]
---
Input: [-0.27268505096435547, -0.3880648612976074, -0.013533463701605797, 0.07370702922344208, 0.49142560362815857]
Output: [0.004888998344540596, -0.015722552314400673, 0.021742699667811394, -0.01572341099381447, 0.022784508764743805]
---
Input: [-0.22160406410694122, -0.49999991059303284, -0.01290618721395731, 0.323175311088562, 0.3009113073348999]
Output: [0.04800047725439072, -0.02066783979535103, 0.024504275992512703, -0.020669130608439445, 0.029511932283639908]
---
Input: [-0.22160406410694122, -0.49999991059303284, -0.01290618721395731, 0.323175311088562, 0.3009113073348999]
Output: [0.04800047725439072, -0.02066783979535103, 0.024504275992512703, -0.020669130608439445, 0.029511932283639908]
---
Input: [-0.22160406410694122, -0.49999991059303284, -0.01290618721395731, 0.323175311088562, 0.3009113073348999]
Output: [0.04800047725439072, -0.02066783979535103, 0.024504275992512703, -0.020669130608439445, 0.029511932283639908]
---
Input: [-0.27306610345840454, -0.3892034888267517, -0.010729489848017693, 0.060730595141649246, 0.4921067953109741]
Output: [-0.0011204089969396591, -0.016041267663240433, 0.021105246618390083, -0.01604151539504528, 0.022139739245176315]
---
Input: [-0.22160406410694122, -0.49999991059303284, -0.01290618721395731, 0.323175311088562, 0.3009113073348999]
Output: [0.04800047725439072, -0.02066783979535103, 0.024504275992512703, -0.020669130608439445, 0.029511932283639908]
---
